32303     -95.  5.
32304     -95. -5.
32305     -95. -8.
32315    -110.  5.
32316    -110.  2.
32317    -110. -2.
32318    -110. -5.
32319    -110. -8.
32321     -95.  0.
32322     -95. -2.
32323    -110.  0.
43001    -110.  8.
43301     -95.  8.
51006    -140.  9.
51007    -140.  5.
51008    -140.  2.
51009    -140. -2.
51010    -170.  0.
51014    -140. -5.
51015    -125.  5.
51016    -125.  2.
51017    -125. -2.
51018    -125. -5.
51019    -155. -5.
51020    -155.  5.
51021    -155.  2.
51022    -155. -2.
51023    -155.  0.
51301    -155.  8.
51302    -155. -8.
51303    -170.  5.
51304    -170. -5.
51305    -170.  2.
51306    -170. -2.
51307    -125.  8.
51308    -125. -8.
51309    -170.  8.
51310    -170. -8.
51311    -140.  0.
52001     165.  2.
52002     165. -2.
52003     165.  5.
52004     165. -5.
52006     165.  8.
52007     165. -8.
52309     180.  5.
52310     180.  2.
52311     180.  0.
52312     180. -2.
52313     180. -5.
52315     180.  8.
52316     180. -8.
52087	  137.  8.
52317     156.  0.
52321     165.  0
