32011     -95.  4.
32303     -95.  5.
32304     -95. -5.
32305     -95. -8.
32315    -110.  5.
32316    -110.  2.
32317    -110. -2.
32318    -110. -5.
32319    -110. -8.
32320     -95.  2.
32321     -95.  0.
32322     -95. -2.
32323    -110.  0.
43001    -110.  8.
43008     -95. 10.
43011     -95. 12.
43301     -95.  8.
51006    -140.  9.
51007    -140.  5.
51008    -140.  2.
51009    -140. -2.
51010    -170.  0.
51011    -125.  0.
51012    -147.  7.
51013    -132.  7.
51014    -140. -5.
51015    -125.  5.
51016    -125.  2.
51017    -125. -2.
51018    -125. -5.
51019    -155. -5.
51020    -155.  5.
51021    -155.  2.
51022    -155. -2.
51023    -155.  0.
51301    -155.  8.
51302    -155. -8.
51303    -170.  5.
51304    -170. -5.
51305    -170.  2.
51306    -170. -2.
51307    -125.  8.
51308    -125. -8.
51309    -170.  8.
51310    -170. -8.
51311    -140.  0.
52001     165.  2.
52002     165. -2.
52003     165.  5.
52004     165. -5.
52006     165.  8.
52007     165. -8.
52008     156.  5.
52010     156. -5.
52011     156.  2.
52012     156. -2.
52073     137.  5.
52074     130.  5.
52075     130.  8.
52076     130.  2.
52080     138.  2.
52081     138.  0.
52087     137.  8.
52301     147.  2.
52302     147.  5.
52304     161.  0.
52305     154.  0.
52306     143.  0.
52307     137.  2.
52308     158.  0.
52309     180.  5.
52310     180.  2.
52311     180.  0.
52312     180. -2.
52313     180. -5.
52314     137.  5.
52315     180.  8.
52316     180. -8.
52317     156.  0.
52318     147.  0.
52319     156.  8.
52320     137.  7.
52321     165.  0.
53001     116. 18.
53002     114. 13.
53003     115. 15.
53004     117. 20.
00000    -145. 50.
08167     167  8.
08168     167  8.
07140    -140.  7.
52077     147.  2.
52078     147.  5.
52079     147.  0.
52082     156.  2.
52083     156.  8.
52084     156.  5.
52085     156.  0.
52086     156. -5.
52088     156. -2.
