14041      55. -8.
14042      55. -12.
14046      55. -16.
23012      67.  8.
23013      67.  4.
23014      67.  2.
23015      67.  0.
23016      67. -2.
23017      67. -4.
14040      67. -8.
14043      67. -12.
53007      80.5 -16.
53006      80.5 -12.
53005      80.5 -8.
23010      80.5 -4.
23003      80.5 -1.5
23001      80.5  0.
23002	   80.5  1.5
53057      90. -2.
23004	   90.  0.
23005      90.  2.
23006      90.  4.
23007      90.  8.
23008      90.  12.
23009      90.  15.
56052      93. -12. 
53056      95. -5.
53058      95. -8.
53059     100. -8.