29013  
39039  
46852  
51886  
51887  
69039  
69069  
1900033
1900141
1900241
1900249
1900378
1900425
1900477
1900492
1900497
1900517
1900573
1900627
1900633
1900638
1900644
1900651
1900716
1900733
1900737
1900738
1900753
1900755
1900769
1900772
1900775
1900781
1900795
1900798
1900813
1900822
1900829
2900057
2900096
2900144
2900151
2900394
2900398
2900434
2900511
2900554
2900618
2900682
2900756
2900877
2900886
2900887
2900890
2900928
2900948
2901081
3900060
3900064
3900133
3900152
3900175
3900185
3900194
3900220
3900225
3900236
3900278
3900283
3900285
3900286
3900287
3900355
3900365
3900411
3900412
3900413
3900440
3900487
3900488
3900495
3900521
3900522
3900533
3900649
3900681
3900735
3901067
3901083
4900301
4900316
4900327
4900393
4900440
4900443
4900456
4900581
4900601
4900619
4900796
4900808
4900851
4901091
5900057
5900058
5900059
5900108
5900155
5900196
5900198
5900714
5900819
5901076
5901110
5901217
5901291
5901334
5901455
5901464
5901466
5901740
5901875
5902099
5902177
6900257
6900311
6900385
6900399
6900407
6900466
6900471
7900048
