21851  
21852  
29013  
29036  
39039  
46852  
51886  
51887  
69039  
69069  
1900033
1900052
1900059
1900081
1900141
1900167
1900201
1900203
1900241
1900248
1900249
1900258
1900259
1900260
1900378
1900420
1900425
1900454
1900477
1900492
1900497
1900507
1900508
1900517
1900573
1900581
1900627
1900633
1900638
1900644
1900651
1900716
1900733
1900737
1900738
1900753
1900755
1900769
1900772
1900775
1900781
1900795
1900798
1900813
1900822
1900829
2900057
2900096
2900144
2900151
2900268
2900394
2900398
2900434
2900511
2900554
2900618
2900682
2900756
2900783
2900877
2900886
2900887
2900890
2900928
2900948
2901081
3900060
3900064
3900133
3900149
3900151
3900152
3900153
3900161
3900174
3900175
3900176
3900177
3900184
3900185
3900186
3900187
3900189
3900190
3900191
3900193
3900194
3900199
3900200
3900220
3900225
3900236
3900273
3900278
3900283
3900285
3900286
3900287
3900303
3900355
3900356
3900365
3900411
3900412
3900413
3900440
3900442
3900487
3900488
3900492
3900495
3900521
3900522
3900533
3900649
3900681
3900735
3901067
3901083
4900116
4900221
4900234
4900301
4900316
4900327
4900361
4900393
4900429
4900431
4900432
4900435
4900436
4900437
4900438
4900439
4900440
4900443
4900444
4900446
4900456
4900457
4900458
4900459
4900462
4900463
4900464
4900581
4900601
4900619
4900796
4900808
4900851
4901091
5900057
5900058
5900059
5900108
5900155
5900173
5900196
5900198
5900230
5900275
5900649
5900714
5900819
5900963
5900975
5900984
5901024
5901057
5901076
5901110
5901113
5901217
5901250
5901263
5901290
5901291
5901334
5901431
5901455
5901464
5901466
5901740
5901849
5901859
5901875
5902099
5902177
6900251
6900257
6900311
6900385
6900399
6900407
6900466
6900471
7900048
